271 505
278 561
290 617
306 673
329 729
361 779
401 824
452 857
504 869
556 854
604 818
642 771
671 719
692 663
706 609
718 556
724 500
300 448
338 435
378 440
416 452
452 472
540 473
576 453
614 440
655 435
695 446
494 522
495 559
496 596
497 632
467 660
482 665
498 668
514 664
530 658
339 526
368 511
403 511
432 537
398 546
364 545
562 537
590 512
625 511
653 526
628 545
594 546
423 747
452 718
482 703
501 706
519 702
550 715
581 743
553 779
524 795
503 798
481 796
452 782
437 746
482 730
501 730
520 729
567 742
521 760
502 762
482 760
